,0,1,2,3,4,5,6,7,8,9,10,11,12,13,14,15,16,17,18,19,20,21,22,23,24,25,26,27,28,29,30,31
0,0.16289718,1.6268865,0.5331705,-1.7048011,2.1947868,1.5352347,-0.5733121,-1.8067367,0.6610489,1.3889275,0.05794293,-0.38455817,-0.5474621,-1.8425937,0.556369,-1.259391,0.71844065,0.42732993,-0.046924476,1.3130459,-0.1927634,0.13534066,-0.930281,-0.23450398,-0.54062414,-0.5024087,-2.370227,-0.45422238,0.59635717,0.8052708,-1.482965,-0.31408897
1,0.45441946,0.073515706,0.0063868435,0.035275023,-1.4844481,-2.1028354,0.06698855,0.34868816,0.15402345,-0.7194585,1.4280018,-0.48895904,0.94537526,0.045318626,0.5185515,0.2641983,0.81845224,-0.2252199,-2.3919115,1.0356275,0.029193668,0.08828197,0.35615125,-0.13465375,-0.15641406,1.286976,-1.3668381,1.0133572,-0.20679408,1.2120792,-1.2780032,0.15932555
2,-0.7051609,0.2584897,0.3342532,1.8091234,0.73100406,0.32694992,-0.4061111,-0.610119,-1.062781,-1.3808048,-1.1304157,-1.7900393,0.9795054,-1.3945545,-1.6718818,-1.0601418,0.841411,-0.16867094,-0.060796216,0.6132376,-0.0528417,1.3635579,0.079220764,1.0404514,1.3816503,0.43723166,-1.0842903,-1.6398386,-0.7494338,1.3156708,1.7691339,-0.2878537
3,-0.6710325,0.6031309,0.7106559,1.5072061,0.7271985,-0.72852916,1.2723523,0.5906654,-0.97526526,0.35783023,1.785121,0.55897045,-0.21604502,0.49856877,-0.714791,-1.1013176,1.2995976,-0.017989187,-0.37366,-0.85117394,0.5910357,2.257867,0.60605824,0.5203367,0.11950982,0.26820055,-0.37975845,0.79216367,1.6146357,0.44072205,0.1832469,1.0948536
4,1.8572624,-0.50422966,0.0350472,0.7545337,-1.756662,0.8055341,1.9648979,-0.21029967,-1.1738778,-0.9772984,0.32318807,-1.0016605,-0.42816126,-0.15122327,0.26873603,-0.5103897,-0.5217141,0.4848786,1.5724214,-0.6785349,-0.62050635,-0.09656582,-0.29573184,0.7674683,1.956483,-0.6792174,-1.1156065,1.6070864,-0.43328115,-0.27175584,-1.9981471,0.6899455
5,2.2230484,-0.5952011,1.3078274,0.7013162,0.6796474,0.8047855,-0.5926757,0.2603759,0.21644232,1.0396826,-0.751771,-1.4128883,0.55583155,0.41318387,-0.32973188,-0.9026607,2.4353294,0.9472366,1.0278188,-0.029693546,1.1263274,-0.24241926,-0.22027926,-1.1180654,-1.5065057,-1.1277919,-0.35941923,-1.6417949,-0.75887406,-1.0665947,0.12891324,-0.94785804
6,-0.6992685,1.5966574,-2.664675,-0.46109378,-0.16200213,0.004524528,-0.719059,-0.7739955,-2.4535866,-2.1009452,1.6265957,0.68069637,0.8487569,0.39169055,0.55652726,-1.6906374,-1.0081563,-1.9044411,-0.3888192,-0.78918123,0.7698695,0.34275332,-1.6036682,0.24846138,-1.6571645,0.5603551,-0.21358877,-1.667739,0.5456073,-0.8522342,0.629257,-0.51088315
7,-0.80056685,-0.86913484,1.1251433,0.5606135,0.26233092,-0.9153532,0.9950679,2.192691,0.8408124,0.29713136,-1.3369974,1.8021722,-1.0925945,-0.15436138,0.72061676,0.39430997,-0.41882113,0.18240003,-0.5984303,0.5592333,0.39935753,-0.77614623,0.89228255,1.1474984,-1.5447416,0.53806674,0.6479842,-0.07234006,1.2132506,-0.66015625,-2.3468902,2.10127
8,-1.8667257,0.90448916,0.1597212,-0.42918462,-0.42229375,-0.1975083,2.5857053,0.5494819,-1.7477506,0.01689349,1.2607747,1.7354112,-2.4389563,-0.92108554,-0.49759284,0.23664147,0.31487367,-0.008767379,-0.13429122,0.5987663,1.7583548,0.9574004,-1.3005573,0.2834181,-0.18619502,0.36001205,1.0729827,0.23592658,0.2442103,-0.68898076,2.3287213,1.079556
9,-1.1818339,-0.08906298,1.1488309,1.3591684,0.6623034,-0.24599661,-1.1803229,2.2761624,0.2443822,1.3872948,-0.5655681,0.19331321,0.71052843,-1.2218608,-0.39997488,0.5412178,0.87683016,0.9074491,0.4162445,0.5925942,-0.50055593,-0.36879763,-0.20149226,0.67362124,-0.14380398,0.42176706,0.5654661,0.3973687,0.43172318,1.0829407,2.4611175,2.2010758
10,0.4319053,0.2913304,-0.11969719,-0.40208477,0.22124939,-0.91257405,-0.92521095,1.5636623,-1.1487863,-1.3804327,0.32108608,1.4182212,-1.5919535,-0.7461323,-1.3484594,-0.32918468,-0.58133227,-0.70041615,0.5767203,1.2875191,1.1694059,1.0407579,-1.4442215,-0.36196837,-1.9976202,0.3879618,0.8646439,1.3965162,-1.8085124,0.62226295,0.33963117,-0.17693691
11,0.08701841,0.026706472,-1.8532761,1.8181016,0.30778632,-0.34832704,-1.2639698,-0.51639587,-0.09419685,1.201501,-0.28402436,-2.3722384,-1.1814033,-0.17611836,0.8272146,0.39404196,0.7530892,0.22776018,-0.53929716,0.7976105,1.8809083,1.5714166,1.2005372,1.064086,0.12231643,-0.5800066,-0.54214555,-1.0655867,2.2258077,-3.0500941,-1.3159581,-0.04846136
12,0.9835678,0.52629966,-0.74585325,1.0886271,0.1033912,0.83478206,0.22316748,-0.23312846,1.611107,2.5757585,-1.1005319,-0.6489276,0.69149643,0.6819231,0.18203494,-0.5340681,0.9557197,0.38571715,-0.15599383,-0.85850966,0.6251515,-0.8543449,-0.6131012,0.5039125,-0.787797,-1.4386998,0.88445306,-0.79648143,-0.22677098,1.2764395,-1.4776998,0.21921633
13,-0.69895893,-1.4933618,-0.43601984,0.1714726,0.8115618,-2.05012,-1.4020532,0.5984091,0.3972661,-0.03436135,-0.4989745,1.0683606,-0.3020857,-0.6050188,-0.9269149,-1.7443262,-2.3605034,0.22450252,0.4406286,0.7628566,1.7548354,-0.40067723,-0.7493557,1.2137504,-1.9254059,0.79509497,-1.1646479,1.2888464,1.2984953,-0.85763824,-0.7867844,-1.3812749
14,-0.20075773,-0.3079414,0.295182,-0.094523795,1.3583969,-0.14871848,1.0573789,-3.4466755,0.15046091,0.508014,-1.6348805,-0.39751273,2.3210387,0.86797076,-0.5236172,-0.8049363,0.86111295,0.2575126,-1.0377529,0.15029365,1.4087747,-1.250386,1.146883,0.38713145,-0.06775139,2.3302002,1.003897,0.5897918,-0.6879652,0.8481365,-1.3104482,-0.9865345
15,-0.53023386,1.7886697,0.37886178,0.29545757,-0.55539954,-0.40605044,0.63846964,0.2953329,-0.9146234,0.6598504,-1.4799653,-1.6501573,-0.623077,-0.42504585,0.077172995,-0.4787299,1.1303265,0.29829767,0.220513,-0.6680641,0.7799771,1.5687169,0.016632553,-0.23970044,-0.7614754,0.3550381,0.04951759,-0.20778023,-0.79834086,-0.15809442,1.0039331,0.5539309
16,2.3115857,-0.07645803,0.37802976,2.0663984,-0.23875803,1.4591435,0.30699918,1.2903847,-0.26708478,0.38678458,3.0560043,0.54168975,0.3225918,1.5527412,0.76082605,0.60918665,-0.011168934,0.9949189,1.9337543,-0.24282712,0.9259075,0.9326031,-1.1441104,0.4767861,0.4369319,-0.9479286,1.5987126,-0.9289351,-1.1125712,-0.2374287,0.2610917,-0.21391384
17,0.4695671,0.09391796,0.53070515,-0.55680203,-0.25147527,0.026241854,-1.6418427,-2.4174488,-0.55815,1.4227536,1.2907888,1.8614889,1.7976501,1.4076892,-0.44228628,0.27721065,1.3525407,1.4003623,0.00030227902,0.23133697,0.5696526,2.6819043,-1.0254109,-0.64803076,-0.21576746,0.31862718,0.26155603,-0.66866374,-0.98012435,0.9862838,-0.39007694,-1.2592288
18,-0.4795462,-0.33268675,-1.1701056,-1.3968841,0.34880954,-0.0059132273,-0.41129977,0.56891924,-0.66554654,-0.43471017,1.0660746,-1.4024614,-0.41893232,-1.249081,0.35187495,0.47648743,-2.0531921,-0.6613651,2.0298994,2.5746086,0.09695211,1.5260412,1.042,-1.2503412,0.20090799,-0.25674337,-0.7216918,-1.4409713,0.9544821,-0.09762038,-0.8401777,0.8165802
19,-0.9010771,1.8642713,0.54025364,-0.84005517,0.6939676,0.29578963,1.1131119,1.3597766,0.33380955,-0.6888953,-0.93935573,0.23108836,0.5747415,-0.8675657,-2.8314562,-0.006173705,-1.6844336,-0.037954107,-1.8879348,0.9502821,-0.60658294,-1.364979,-0.65914154,0.24375203,-1.006438,-0.033754934,0.54572767,0.74473166,0.19881234,-0.7909428,1.8148654,0.7919157
20,-0.032822993,-1.3740216,-0.05923169,-0.22440036,-0.5491392,-1.1678319,-0.70380276,-0.81893617,0.92869496,-0.24756654,-1.725818,1.5269608,-0.33392957,0.68397194,-0.3086082,0.3586354,-0.15020788,-0.16115797,-1.051579,0.4883506,-1.5270487,1.3294472,-0.003701971,-0.22422147,2.388128,-2.2788343,-0.95062846,-0.060720865,-0.15830754,-0.8870252,0.5306689,0.26722524
21,-1.7237283,-0.36188513,-0.096584015,0.8526601,-0.7255979,-0.63789046,-1.192008,0.36154962,0.4523032,-0.61882186,-0.63214713,0.30613592,-2.7630963,-0.53288597,1.0706893,1.0251485,1.157496,0.1718449,0.8963826,-1.4761403,-0.5211309,0.32547143,-1.0666515,-0.66737634,1.2369893,-2.0423234,0.18542401,0.87726676,1.8824481,1.5593797,0.25138798,0.8125607
22,0.63503397,-0.83611757,-0.5096075,-0.10305015,-0.622962,0.017093292,-1.4515682,2.2240367,1.1484326,-1.3702158,-1.7999806,-1.4998803,-0.2047413,0.597013,0.5623359,0.11670538,0.6020838,1.3118826,-0.54920536,0.68239766,-2.060556,-0.2531655,-0.39348882,0.40200335,-0.5474854,0.196643,-0.45907685,-0.13212785,0.25188234,0.6173387,-0.011962791,0.1198201
23,0.5633568,-0.6078598,0.07712934,-0.8246963,-0.83147717,-1.8735805,-0.25323975,1.610791,-0.3711185,-0.05034089,1.660836,0.9870796,1.9932135,-0.91961944,-0.6722065,2.7617114,-0.5681991,0.5716455,-1.9127147,1.5937045,-0.58197844,0.10659868,-0.9026482,-3.1767695,-0.2267236,-0.34216982,0.75250643,-1.354923,0.0578181,0.13370688,-1.7247642,-0.28622794
24,0.9182424,0.9472119,-0.026213214,-2.247266,-0.3358768,0.6263484,-0.1662487,2.0504422,0.7806154,-0.7883001,-0.28176132,-0.19702588,-0.45952627,0.6724124,-0.1618867,-0.26054257,1.8074083,-0.34351364,-1.6920379,0.023227112,-0.30213833,0.44781998,0.01795552,-0.38222894,1.0253695,0.06102356,-0.09649874,-1.8328998,-1.0027524,1.3047168,1.7326432,-1.0576859
25,1.0410122,-0.20065345,0.76141363,-0.33360833,-0.4563554,-1.0610275,-0.9863789,1.4891571,1.5959687,1.1392667,0.15720934,-0.52618915,-1.5041885,-1.0652463,-0.1975207,-0.2273345,-0.74633926,-0.9025638,-1.7798616,-1.271092,0.80521566,-1.327905,0.34353542,1.2978232,-0.589185,-0.46506983,0.6527083,-0.90422994,1.2800477,-0.5497656,-0.35079604,-0.2079101
26,-1.3249301,0.9068185,-0.94605917,-0.024880353,-0.86569613,0.2140457,-0.87261814,0.10991197,0.105056256,0.3157207,-0.5325123,1.1100087,1.9113156,0.21599269,0.25472075,-0.9763008,-0.69495004,-1.0657232,0.5913556,2.4763212,0.035722736,0.75954443,-0.49950024,0.08988626,1.1787454,-0.024402853,-0.024695849,0.17544185,0.045960136,-0.997789,1.7003857,0.29941523
27,-1.8406874,0.36669198,-0.52761966,-1.8992711,-0.08894503,0.6093869,-0.12054207,0.1757801,0.18450469,0.3303768,1.1258842,-1.3791099,0.097341225,3.2695444,-0.7617018,-0.051548872,0.10304628,-0.32754725,0.826824,-0.076910004,-0.8380433,0.05970952,0.6818409,-0.576465,-0.6516291,-0.64860547,-2.3247776,-1.3084693,0.5552525,0.0478387,1.234001,0.865775
28,-0.70827323,0.03454827,-1.7164767,2.110594,0.073395215,-0.048560403,-0.11329956,-0.37273023,-0.34036458,1.73659,0.34616396,-0.8092914,-1.3418152,-0.10255848,0.088580206,-2.053526,-1.8005505,-0.75635314,0.7129812,-0.54421175,1.5495126,-0.28947878,0.60731405,-0.18798766,-0.4399738,-1.0865903,-0.911774,1.0072768,0.35718945,0.8125414,0.5840586,-0.009536397
29,0.46268466,-1.9917772,-1.1556174,-0.8232651,0.45071447,0.091949135,1.3938304,-2.110574,1.9386255,0.22151917,-0.62202495,-0.6994629,0.1453736,0.8624977,-0.8422274,0.6502935,1.7411219,-0.7943388,0.62526447,-0.58622766,-0.48028567,0.17567803,0.9072772,-0.5952093,-2.4209487,-0.37248212,0.36604252,0.4184324,0.65585786,1.6816149,-0.23625822,-1.2245256
30,0.60490257,0.4529917,-0.15016373,-1.8476194,0.82807976,0.63599974,1.1418325,0.5971247,0.3422534,1.2293086,2.3270073,1.0053809,-0.25373775,1.5365198,-0.98211265,0.47722623,0.19560686,-0.4917262,-0.8665587,-1.4525902,-0.29610732,-1.102529,0.34406164,-0.012849381,0.0519725,1.3078762,0.82516354,-0.22003166,0.052126724,0.93881834,-1.0980569,0.9030499
31,1.4583161,0.32862166,0.25297537,0.7457181,-0.45851135,0.05475403,-0.02576253,-1.9257329,-1.0225687,1.1034639,0.20358929,0.7625857,0.43186647,1.590207,2.461816,-0.7834404,-0.41907945,-1.6909456,0.41441712,2.1676111,0.7372631,2.462798,2.1698446,-1.1577389,-0.18208139,-0.60718054,-0.67197394,-1.1282378,-1.0574769,1.1550263,0.5032834,0.1493801
32,-0.10592906,-0.21674955,-1.2420276,-1.0811796,-0.950454,-1.3285024,0.032754827,1.4140055,-2.1791518,-1.7909694,-0.58216906,-0.7451604,-1.0023419,-0.9628482,0.5857168,1.159931,-0.0031508724,1.3196946,-0.78426313,-0.5243226,-1.2878789,1.1175247,1.1471779,1.0914743,0.28597572,-1.4670303,1.5534222,0.21383142,1.4596156,1.5366653,-0.6640027,0.013888346
33,-0.4517587,0.5183132,2.9069376,0.6838252,0.88041145,-1.364468,0.91009563,1.1192793,-1.730639,0.7854128,-0.2790711,0.938032,1.6238877,-0.5517189,0.64769393,0.33192128,-1.3248376,0.13506371,1.2717137,0.55345154,0.07793052,-0.13830994,-1.6312035,0.7709412,0.57338935,-1.2216814,0.7006848,0.12005176,1.2700276,-0.20246182,1.5158923,-0.64238966
34,-0.99681586,1.5000097,1.6685557,0.45597646,0.792109,0.302775,0.6517234,1.6073807,1.556579,-1.6262743,0.07142713,0.14255194,-1.0817982,-0.8075408,-0.12914486,-0.15135838,1.5018454,0.16135441,0.05821003,-0.061461464,-0.95479816,-0.9925223,0.06595062,-2.5306888,0.63286686,-1.0361077,0.59355354,-1.9151111,-1.195697,-0.2817253,-1.1476718,-1.4395889
35,1.9551083,-0.0024697385,-1.577497,-1.3733654,-1.6068214,1.0554205,-0.39634174,-1.0748043,0.5073291,-0.45101446,-2.2878308,0.50730586,0.35896692,-1.2113663,-0.22447799,0.06085408,1.9031,0.9036452,-0.010986792,0.4838286,-0.9372954,-0.7758635,1.526239,0.1483164,1.1291187,-1.7612239,-0.5836185,0.017502153,-0.31736603,-0.68110394,0.62630486,-0.86127776
36,0.52176416,-0.09330789,1.6994935,-1.2610985,0.019611135,0.537821,0.052619442,0.58229905,0.64324254,0.839448,0.23215371,-0.8882502,-1.0454742,0.9320647,-0.4227362,-0.017075162,0.3723622,-0.09359934,0.59106153,-0.42665783,-0.275052,-0.98267746,0.4666044,0.10080277,1.121176,1.1316761,-1.0428789,-0.07862011,-0.61635584,-0.7344911,-0.013702609,0.4763697
37,-0.7165589,0.41050112,0.371599,-0.59959215,-0.6152983,-0.27418905,-1.0703733,-0.7734328,-3.6279688,1.9983094,-0.29102877,-0.71264565,-0.010470874,-0.07027337,-0.32711768,-0.38894877,0.85027033,-1.1383214,0.6285516,-0.46450585,0.045545895,-2.0326355,-0.5179705,-0.42370254,0.69010067,0.21377158,-0.043431975,1.1017697,0.77891517,-0.10642006,-0.3081002,-1.7884194
38,1.2131447,0.56756437,0.7418247,0.089500204,0.40976584,0.68066466,-0.64999485,-0.73001635,0.09099269,0.87166476,-0.66123146,-1.1299807,-0.7310946,0.18181875,0.7927168,0.57981694,0.31524065,1.1016871,0.53216857,-0.88789773,-0.08297691,1.3661339,-0.91114193,1.1295632,-0.23831463,-0.7190679,-0.7598468,0.53676635,-0.2215743,-0.10671594,-0.87290585,0.2819839
39,0.24375069,-2.114142,-0.28711373,-1.8662571,0.4905034,-0.5793294,-1.270297,-1.3402783,0.4406285,0.0841969,-0.19709717,-0.29195756,-0.79424155,1.1581987,2.4887168,-0.14751126,1.795769,-0.14181924,-0.19316846,1.1276218,-0.15093373,-0.9391299,0.39370558,0.541436,-0.9128232,-0.051030714,-0.4632646,0.8611552,0.89982426,0.88402414,0.78502816,0.71160513
40,0.6785804,1.4405776,-0.74048406,0.87291276,0.26519892,-0.37456477,0.0835607,-0.28265917,0.9676842,-0.30461475,-0.71373934,-0.63733673,1.6018566,0.6894108,-1.9738622,-0.1402273,0.088095725,2.8788352,-0.5078407,-0.51720005,0.026849382,-1.0784711,-0.6114058,-1.7200829,-0.14055535,1.4618877,-0.14842989,-0.50521344,0.4822103,1.0037054,1.9299315,1.4436619
41,1.6355573,1.4184624,-0.206004,-0.46013314,-0.7614588,-0.1165726,0.8943442,0.8700392,0.043504596,-1.6073668,-0.3782121,-2.2600372,0.2514426,-1.4896892,-0.78754604,-0.05224309,-0.47138238,0.00093021116,-1.3184181,-0.068652585,0.43980685,1.7704628,1.0875866,1.9297434,0.051703457,-2.0494163,0.43203402,-0.25912812,0.26994276,1.7544715,-1.2454237,1.2813339
42,0.6020824,0.6627246,-2.0303094,-0.6830561,0.2570107,2.056424,1.8520213,0.46460178,-0.363491,0.376392,-1.1894227,0.25098893,0.255712,-1.3525155,1.2853773,-1.2500035,-0.57691973,-1.0610272,-0.5111475,-0.014273202,0.040266056,-1.980061,-0.59064186,0.750532,0.1262458,-0.60077906,-0.60425895,-0.022369325,1.1080314,-0.41274503,-0.07093524,0.62552387
43,0.48589802,1.7298559,0.0009533703,-1.9657339,0.6202184,-1.2964841,-1.5659686,1.0938405,2.0745814,-0.96194345,0.52362686,-0.9416573,1.5768223,-0.12882589,-0.13772988,-0.2506044,-0.26841533,-0.3071631,1.5113457,0.42994362,-1.3131788,-1.1091838,0.5993534,0.04041109,0.25535583,-0.3584867,-1.045542,-1.5599885,0.12908843,-0.6917321,-2.757364,-0.12549816
44,-0.33665586,-0.746736,-0.07003632,1.0212079,0.7820616,0.0039311484,0.09190753,1.931195,-0.44560662,1.392123,-0.86269104,-0.98739886,1.6177781,0.2755675,-0.61109,-0.0032667574,0.7335401,-0.9731427,0.9810755,-0.46904293,-0.70724094,2.4559956,2.2140222,-0.21772175,0.5188108,1.2271041,1.9656134,0.3476805,1.5619528,-0.4798958,-0.90032303,0.06794776
45,0.65680957,0.8790732,0.31584093,-0.5757377,1.4701525,-0.4951282,-1.8601601,0.34124947,-0.33760205,0.8189268,0.95534164,-0.38404056,-1.0346218,0.51134986,0.4930572,-1.3480061,-0.036555775,-0.08795615,0.05683572,-2.0542634,-0.11813662,-0.05900065,1.2188059,-1.1202531,-0.05005115,0.3926937,-1.0640646,-1.6021184,0.91237956,1.2535404,0.3557547,-1.0079259
46,-1.0357941,-1.6529498,-1.745285,0.023452356,0.40850818,-0.08610745,2.5126078,-0.53283113,0.45078924,0.030298872,-0.59385645,0.28789702,-0.37920123,-0.32121617,-0.13926473,-1.1127409,-1.275319,-0.328254,-0.93539965,0.95709544,1.0444878,1.0236852,-0.37459043,0.0100272875,1.1102694,0.37149405,-1.3592081,0.5452851,-1.5455172,-0.54212195,0.40302485,-0.47289008
47,0.36390346,-0.7064729,-1.3763642,-0.5393083,-0.49951938,-0.12947187,-1.170013,1.3858876,-0.2328095,1.1713061,0.008649392,-0.20305708,-0.6169333,1.433406,-0.22362493,-0.49735254,0.37496486,1.2764665,-0.31629723,-0.54300904,-0.497233,1.6097877,-1.4783815,1.2304527,0.41179585,0.33142367,-0.03055537,0.36597794,0.53209823,1.0865141,0.26296675,0.1202106
48,-0.18250032,-1.2600976,1.1540116,-0.7063446,-0.3948889,0.8951778,0.5123786,0.5579926,-0.24701127,0.29958588,-0.03455712,-0.0860017,0.523538,1.0132121,1.562681,0.66102964,1.0239317,-0.32227018,1.4792513,-1.1887006,0.26059696,-0.5643321,-0.99038315,-0.26606384,-0.2934289,-3.2828088,0.5134238,-0.786326,-0.057156716,-0.50131446,0.5753042,-0.0039449874
49,1.7982363,0.028347474,0.012241517,1.1178199,-1.2520099,-0.3078159,0.34246737,0.32968658,0.33495256,-0.2860245,0.36866057,-0.92249626,0.019669311,-0.62694114,1.4511378,1.2639916,-1.0247197,-0.60761565,2.2039301,-1.4251691,-0.993139,-0.0007537164,-1.3592861,-0.3833963,0.6561999,1.1099955,1.382969,1.254211,-1.0393413,0.12639663,-0.06615136,2.370577
50,0.9174422,-1.6192355,-0.5316036,-0.27752256,-0.83759415,0.54311526,-1.0638278,-0.1946603,-0.30840126,-0.62402225,0.64462805,0.4880407,2.2434392,0.56733745,0.3490768,-0.4624755,0.38679945,-0.8370723,0.5280935,-1.4474249,-0.499733,-0.5591403,-0.94662905,0.32467872,-0.38277087,1.572555,1.0655892,-1.0304114,-2.4625573,0.90805334,0.9260456,0.15825376
51,-0.6831382,0.3324552,-0.26353872,-0.657891,0.6767896,-0.41962126,-0.1568706,1.5270932,0.52658373,-1.3137627,-0.019019123,0.78887373,0.52813125,0.6312214,1.4578946,-0.2506202,-1.0352926,-0.78215706,-0.32379887,0.36423987,-2.4003012,1.4561111,0.5205162,1.800818,0.7400297,-0.2289498,-0.7311886,0.00042113577,-0.4913083,0.6697411,-0.67386097,1.1624033
52,1.1603398,1.1041907,-1.3869212,1.1884077,-0.3948912,0.82682955,0.30708963,-1.6213927,-0.7898894,1.6970414,-0.10224705,-0.35617542,-2.2683766,1.6537131,-0.3230281,2.4134846,-0.7786926,-2.0580904,-1.6063915,2.037184,-1.5844306,1.0482849,0.42685565,0.28814706,-1.0286144,-0.38908708,-0.038746204,-0.78758603,0.43562526,-0.48143548,-1.3588048,2.4916966
53,0.24876791,-0.49292374,1.2029464,-1.083599,-0.23673306,-0.032404196,-0.75834036,-0.20545392,0.47395465,-1.0383832,-1.0846407,2.251214,-0.08391979,0.21116526,-1.5723974,0.3832753,-0.9559606,-0.85738444,0.37322935,-0.5047085,0.3577254,-1.4722012,-0.69180393,-0.6060748,2.0246398,0.099522255,-0.39660385,0.87752426,-0.7664817,0.64427847,0.8848469,-0.06709873
54,0.05537645,2.171538,-0.70654804,2.0891113,-0.76802266,-0.27917448,0.9574614,-1.3349205,-0.25612795,-1.0765169,-0.20884381,1.2349745,1.7828252,-0.15581548,-0.47286445,-0.20670427,-1.187396,0.71629184,0.8458684,0.923648,-1.1108593,0.026613232,-0.4206936,-0.117008395,-0.46882278,-0.7848449,0.27524492,-0.25659177,-0.20433302,-0.668131,0.7737392,-0.009867852
55,-0.45874408,-0.8797308,0.54257,1.1419351,1.2872455,0.7710595,-0.23197156,0.81881946,2.2443604,-1.5471358,0.113310285,2.2877884,-0.6968115,0.06502508,-1.5549405,-0.84097713,-1.9451176,2.6966982,-0.7634335,-1.6603968,-0.8213014,0.0131825,-2.237339,0.193974,2.0484982,1.2010058,-0.1583241,-1.1004721,-0.52172333,0.06676889,0.6988088,1.5131879
56,0.9931469,-1.0572729,0.70826817,1.4458009,0.656081,-0.681568,-0.6522317,0.45124963,-0.24936111,-0.25305837,-1.3094786,1.6511257,1.6032151,1.600087,0.65461224,1.3107467,0.37753326,2.0803294,0.08515549,-1.2397988,-1.1442156,-0.3099082,-0.32392615,0.48238462,-0.9350972,-0.53957754,-1.4043974,-0.706924,1.3631597,1.0353925,-0.5462419,-1.4585849
57,-0.41092563,-0.39551795,-0.6598738,0.42778966,-0.6078752,-0.1110308,-0.73988396,-0.22400719,0.85554594,0.79745924,0.6813674,-0.34155893,-0.63683456,-1.0484208,-1.2299324,0.56618875,-0.19149193,-1.2344056,1.6417514,-0.57933027,-1.7026635,0.8999652,-0.43391573,1.5783985,0.14484772,-1.9096729,0.014314643,0.66699755,1.1438669,0.7023362,0.37537616,-0.2776439
58,-0.58185047,-0.8402338,-0.041849636,1.0314468,-0.4132036,2.2794952,0.09985563,-0.42310977,-0.26368204,0.024431627,-0.63204336,1.0516019,1.0362749,0.70542437,0.6308753,-1.6879892,0.91843617,0.49451798,0.3432366,1.2609318,-1.3457606,0.8455015,0.91006374,1.0408688,-1.6854432,-0.555658,-2.4930353,0.8324605,-0.85599893,-0.45735085,0.7111863,-0.96795064
59,-0.33558398,-1.5264332,-0.7000153,-0.9210341,0.50625974,0.6319071,-1.0104985,1.8952708,-0.3745023,-1.8390068,-0.30970672,-0.07398944,0.22424527,0.29097712,0.838062,-0.08324504,-0.16706608,-1.1784434,-0.3438803,-1.948793,0.50142014,-0.51287335,0.96493566,-0.9594558,-0.9147673,-1.3537402,-2.4847858,-0.46745133,-0.30061102,0.7220799,-0.10770017,-0.9343199
60,-0.24928372,0.42565957,-0.27101856,-0.21300778,1.7742054,0.22064336,0.6680142,0.35277352,0.921725,-1.4750987,-0.6391969,-0.70006573,0.36349362,1.0136,2.0841017,-0.8362396,0.7302591,-0.11754045,-0.23011869,2.193029,1.1480508,-1.2848524,-1.1098528,-0.3050513,0.48293233,0.8018776,-2.8080807,-0.9997908,-1.3691669,-2.496162,-0.93384373,2.6959136
61,0.7087016,-0.8573433,1.1939887,0.042378724,0.25780913,0.22527142,0.8811111,-0.40783432,0.4949167,-0.5881768,-0.6533956,-1.6607307,-1.1311938,-0.2708529,0.9690998,-0.41009846,0.48897827,0.86819327,-0.45418468,-0.14952725,1.0339183,0.8237589,-0.45964992,-0.011800514,0.064194,-0.8638269,0.47967216,-1.2702128,0.3057137,0.8169379,0.08219791,-1.2425423
62,0.9830312,1.7892213,-0.25510767,-0.36524293,-0.70107466,0.09996625,0.76108235,-2.0074525,0.2841239,0.18674277,0.8058031,0.022473935,-1.1115206,0.34903595,-1.2833538,0.45332843,-0.71618426,1.7939327,0.2459716,0.94413066,0.2698601,-1.7717246,-2.1225727,-0.5414844,-0.37305894,-1.1376538,-0.48846388,-0.10921776,0.7152463,-0.1428442,1.0023197,1.4152925
63,-0.64607227,-0.65204644,1.1408459,2.8398244,0.3565695,-0.33090875,0.585839,-0.013693919,-0.40908626,-0.63830215,-0.28413615,-1.0651983,1.2140104,0.798355,0.76473,-0.97192025,-0.20955227,0.23853408,2.267533,1.5881772,0.2845773,0.6203005,-0.371117,-0.67845595,-0.87749887,-1.3526056,0.51188,1.0628672,1.2988884,0.4502409,-0.7253676,1.1329556
64,0.90984184,-0.5127674,1.9734379,1.5485725,0.14311214,-2.1803265,-0.48104137,-0.45142785,-2.5981312,-0.9767097,0.5819176,0.80504143,-0.3054297,0.062209845,0.26136398,1.8843904,-0.43918818,-0.25805104,0.4597937,0.5577031,0.15346196,-1.2375966,-1.7364411,0.60626537,-0.5535809,-1.0169573,2.00391,1.6241683,0.5141351,-0.15792541,2.6101158,-0.7842204
65,1.5884514,-0.9342799,-0.2767803,-0.286795,-0.7218694,-0.92136943,0.57193923,0.42858604,-0.7297598,-0.37862647,-0.28081533,-0.7807794,-0.45908147,-2.3777244,1.0074592,0.80399686,1.0839804,0.7853624,-0.79008424,-0.010648456,-1.1748958,0.38281995,-0.5809629,-0.098675005,-0.880081,-2.777108,-1.0338047,0.7608026,0.005629524,0.85198927,1.5652226,-2.1811032
66,-0.06543818,-0.30753672,1.0141969,0.16696714,-1.1492922,1.3022606,1.4980648,-1.4645716,2.1180973,0.69096935,-0.4191409,-0.08297745,0.5714712,0.06329156,0.81065595,0.40636697,0.65196097,-1.3519943,0.58692145,-1.6515309,0.5565158,0.9939768,-0.7440258,-0.3936233,0.724124,0.11548623,0.9825201,-0.293349,-0.8291835,0.2892173,-0.9323117,-0.83955014
67,1.4596951,-2.0401096,-0.6641245,1.7669802,0.42170277,0.66949314,-0.23264924,-1.0324998,-0.32178235,-1.637361,1.6881597,0.6920614,-1.3592052,-0.24058118,-0.43364155,-0.827625,-0.3842417,-0.5968288,-0.7009926,-2.4173512,-1.2886586,0.15557934,-1.3573316,0.3244401,0.8922358,1.4703639,0.8309876,-0.40896967,0.44982803,1.5566484,0.046227396,-0.22947899
68,-0.19525526,0.76121545,2.1631374,0.97675663,-2.611807,0.9790975,0.5388623,-0.8519656,-0.016880285,-0.84290546,-0.13864033,-0.32743815,0.1275621,-0.3909479,0.021699369,1.5047925,0.17326882,0.43660206,-0.66148853,-0.006890773,1.7016914,0.7711502,1.9357204,-0.4995619,0.27219748,-0.04875382,-0.053223185,0.35940966,1.5908312,-0.58992004,-0.7137209,0.20543562
69,-0.010842712,0.25003764,-0.013087568,0.35383216,1.1505471,0.8362765,-1.0010276,-0.20695984,0.25633693,0.6977318,0.2937071,-0.174309,-1.0932502,-0.9433208,-0.023172818,-0.6476072,1.0931607,0.6950361,-0.9328477,-1.3089883,-1.1236131,-1.9033026,-0.012917977,-0.44549006,-0.2758466,-1.7278614,0.4652762,-0.16749972,0.30526134,-0.3079337,1.0456693,0.04678333
70,-0.5688287,-0.17726587,-2.5917497,1.0754095,-0.19494353,0.058735292,1.683383,-0.06459438,-0.13271414,-0.25325269,-0.95947963,-1.4390084,-1.7334433,-0.44299316,-0.66802686,-0.45602152,0.35646284,-0.10926784,-1.0222042,-0.15614583,-1.7175606,-0.14541903,-1.1006137,-2.500277,0.12921189,-0.9005048,-1.5911363,-2.460117,0.3205962,0.5027277,-0.52259284,-0.3750099
71,0.739778,0.8282007,1.159448,-1.1931216,0.7763823,1.0047961,-0.48926356,-0.9151989,0.40118447,0.31712633,-0.198295,-0.18367887,0.110521846,-0.62056565,1.9090978,-0.77285707,0.14571804,1.360593,1.5039225,-1.4366795,0.14108394,-0.18510291,0.24067785,2.3757896,1.3637867,-1.7049053,-1.5106936,-0.85230535,-2.066508,1.0072764,1.8669152,-0.94582796
72,0.8070322,-0.10869338,0.95003897,0.4406743,-0.09353327,0.63454795,0.40458742,0.29873934,1.1760083,-1.3978971,-0.054032598,-0.033719942,0.66961306,-0.5009633,-0.892328,0.5209507,0.48347914,0.2506357,0.86900544,-0.7291791,0.4688721,0.4460325,1.9229718,-2.433001,-0.26359063,0.21956642,0.3005795,1.3643395,1.5888917,0.149961,-0.85779464,0.009925812
73,1.432636,1.1253089,0.9143738,-0.8538578,-1.1579952,0.7231821,0.771171,-0.81389207,-0.3207305,-0.7812723,-0.011432986,-1.6207297,-0.58208114,1.5239263,0.008714026,-0.5273133,0.016063705,0.11266121,-0.11045511,-0.9368452,-0.24633299,-0.026393548,0.6396605,-0.37806034,0.16243647,0.43296865,0.30379125,1.5059386,-1.504921,0.5619867,0.3977991,-0.26021883
74,-0.91164815,-2.08649,-1.2228969,0.869561,1.2331781,0.34817937,-0.59230095,-0.27674413,-1.070145,-0.0035259963,0.27773032,-1.5283737,1.0327096,1.0473821,-1.8742409,0.29113555,-1.2170466,0.71483076,0.36981958,0.39502314,-0.29260823,0.78679883,-1.6782277,-0.4534184,-1.6891421,-0.4775121,-0.71393645,2.4751654,-0.67940253,-0.3881727,-1.3091127,1.461259
75,1.7501464,0.56042135,1.8328141,0.866637,0.0911023,0.4163683,-1.8425679,0.58605295,0.3270341,0.18813501,0.01737671,-1.0870928,0.59945667,1.2573259,0.113592766,0.68359196,0.77244616,-1.2600824,-0.3193864,0.70271623,0.335978,0.7728276,1.3128667,-1.2827517,-0.8703219,-2.160758,-0.0065798587,-1.0033203,0.06987661,1.2847522,0.24585183,1.6157497
76,0.98075724,0.20417543,-0.13194907,0.37330943,0.9921424,0.1493266,-0.30968165,0.43931285,-0.9930756,1.143428,-0.80941015,-0.5455325,1.0207459,-0.437603,-0.45383838,0.8237522,1.7229015,-0.95891523,0.3957456,0.1621591,-0.13653682,-0.6972868,0.072028674,-0.9506506,-0.10129313,-1.6251309,0.007175355,0.24411908,0.32011166,0.6495258,0.8411901,2.171605
77,-0.10895636,3.2564209,0.012447009,0.21044396,-0.14568667,-0.2641734,-1.6421597,-0.25175592,1.612918,-0.030995458,0.46709839,1.3196105,-0.97635293,-0.28229058,0.8506837,1.8354814,1.1394433,-0.82517356,0.19204715,0.26510724,0.040796265,0.23370823,-1.4577688,-0.29227513,-0.75931954,1.038888,-0.5371233,-1.597321,1.9084116,-1.2209809,0.2658889,-1.3875525
78,-1.0413744,-0.103220545,0.03956036,0.21888548,-0.05994321,0.9870453,0.4333706,1.2729704,-0.5067236,1.103929,2.4685965,0.31339705,-0.27758023,1.8583859,-0.21409605,-1.4513297,0.66199034,-1.4217659,0.52054423,0.81189734,-2.4108846,-0.22564532,0.748102,-0.03541464,1.2887523,0.5972242,-0.21182361,-0.55534273,0.5162996,0.8989145,-0.7168153,1.9439123
79,0.32051072,0.1818175,0.8232351,-0.8371364,0.31765446,-0.08450789,0.15361428,1.3387988,0.006706411,0.64216524,0.033419125,-0.6639517,-0.029214775,-0.6506101,-0.3245964,-0.24444261,-0.0057918187,1.0598127,-1.1758047,0.7306906,-1.9974034,0.53741324,-0.89334416,-0.92288053,-1.5564207,1.9198742,-1.2409345,-1.2731081,-0.6119567,1.6247873,-0.5157497,-1.1332587
80,0.6124996,0.6609996,-0.038964376,-0.2756289,1.2833836,1.047626,-1.502755,-0.0989101,0.45688745,-0.014139292,1.1858946,0.7445021,-2.0721986,-1.6614163,0.36175114,-1.0117851,-1.931535,1.2683201,2.1399403,-0.45918086,0.75842005,-0.8320515,-1.5432985,2.1479867,-0.17296216,-0.43789342,0.33862364,1.1086733,-0.58999217,-1.0284228,0.88555443,-0.38479257
81,3.4594321,-0.38304278,0.2823803,0.49536353,0.53345686,-0.11249916,-1.6670086,2.6011708,-0.7471674,0.3603659,0.72189707,-1.3238369,1.2156976,0.94593406,-2.3308856,-0.7978339,-0.69023466,1.2733382,0.8740179,-0.178695,0.50869477,0.5308348,0.86105466,-1.0248523,-0.42444438,0.05645939,-2.181592,0.6834007,-0.6859941,1.8339102,1.3754748,0.3046132
82,1.5588052,-0.118039206,0.8165642,-0.64454734,1.4280664,0.9580457,1.023195,0.19566238,0.35030156,2.0803945,-0.9211716,0.23665002,2.6044576,-0.74706316,-1.3923385,0.031047678,2.5162437,2.4023674,0.36704406,0.57581496,-0.9119876,0.30859104,0.3429681,-0.5108952,-0.49366164,0.041288655,-1.8714983,-0.03700527,0.34528401,0.42870662,0.49718982,-0.22659014
83,-0.76173043,1.3941656,0.18517737,-1.3719046,-0.40478617,0.7672004,-1.6673511,-0.21349984,0.38028905,-0.56797636,0.7992643,0.016751925,0.91623074,-1.0971014,-0.20059654,-2.0191307,-0.22918445,1.1794136,0.99762255,0.6658059,-0.1353634,0.8674614,1.0547023,1.2846133,-0.16104081,0.63905495,-1.1891646,0.82669103,0.85474867,1.9059466,1.1997737,0.317856
84,-0.092474155,-0.7275753,-0.32359108,-0.81154233,0.723817,-0.1927623,0.60352093,0.7100052,2.0845296,-0.45462906,-0.6916055,-0.66452456,-0.30455148,0.05489731,-0.14337477,0.71364653,-0.5437894,-0.9677194,2.2791858,-1.0987335,-0.833335,0.41029087,1.1409007,-0.31950668,0.5395801,1.3729349,1.6758144,0.16694552,-0.2637216,-2.1684573,0.99958754,-0.68579394
