,0,1,2,3,4,5,6,7,8,9,10,11,12,13,14,15,16,17,18,19,20,21,22,23,24,25,26,27,28,29,30,31
0,-0.05492728,0.6844798,1.6894424,0.44539025,-0.61620754,1.0182066,0.436311,0.4822031,-0.36843693,-0.90823436,1.1416987,0.9600144,0.023026632,0.23185715,0.66596276,0.56146926,-0.5930725,-0.45851728,-1.8027792,0.063814335,-0.17412277,-0.41827172,-0.28203675,0.27299464,-0.009364721,-0.18606228,0.7651781,-1.06675,-1.3928376,-0.21794197,-1.4471302,1.0934578
1,-0.1428019,-1.4385513,1.0220479,-0.95136744,0.11064251,1.4483973,-0.79484016,0.3453307,0.15152599,1.4144706,0.8165199,-0.6681255,0.6721924,2.4802053,1.0015018,0.8421977,0.6236211,-0.31705433,-1.5382063,-1.6837311,-0.173571,1.6098487,-0.17539132,0.29478538,-0.44747493,-1.8375634,0.7185687,-1.6356623,-1.2830126,0.6587246,-0.13683341,-0.5961909
2,-1.6413186,1.305326,-1.4298264,1.4297588,1.2901317,-1.5778596,-0.87037075,-1.489314,-0.9369137,0.5584461,0.30346635,-0.6686377,0.8914632,-0.54826576,-2.0687232,-0.16877611,-1.7887841,-0.41726378,0.15989351,-1.9263443,1.9764961,0.2960677,-0.49221188,0.47497192,-1.3021946,-1.7295024,0.7925054,-0.17669179,-0.3680768,-1.7802545,-0.1860268,-0.15749647
3,2.1613832,-1.0485989,-0.108493105,0.27628714,0.66664904,-0.101973385,-0.08253466,-1.3430202,-1.6722455,0.5672203,0.9783125,1.4321928,-0.24159756,1.4047604,-1.5909861,-0.6993649,-0.046593495,-1.2582741,-0.4948632,-0.9506033,-0.061079856,-0.44793594,0.18598524,2.0198958,-1.2051728,0.8851003,-2.5118823,0.97607875,0.010659465,-0.67994845,0.039965373,0.4364982
4,1.2893654,-0.9030285,1.9302164,1.0220764,0.62064904,-0.84658927,0.09597387,-0.30956203,-0.7741486,0.6462039,-0.1718966,0.28719896,1.0081155,-1.1326135,-0.3952709,1.6508528,-0.2732486,-0.15444358,-0.20486113,-1.1153649,0.206485,-0.3270613,1.0610341,-0.32878742,-0.11050271,-0.58619624,-1.2081313,-0.15496652,-0.40975925,1.3260919,1.1288947,0.16943215
5,1.2656575,-0.28740153,0.45987907,1.0709962,1.5436338,-2.0653172,2.8544703,-0.12886626,-2.0079799,1.1076865,1.5111641,1.7837857,0.65346056,2.078597,-1.1564025,-0.23301548,0.8488576,-1.8854464,-0.75481445,0.11090751,0.43344688,-0.11628529,1.0966243,-0.31485513,-0.024880962,2.0493348,-1.1771729,-2.4842958,-2.8026175,0.49650583,1.4100499,0.040807158
6,-0.4145555,0.83852667,-1.1748729,1.7085559,0.9228354,0.11964218,0.10547326,-1.1057421,-1.6571122,1.9995661,1.073536,-0.15684989,-0.8410153,-0.7238263,-1.5196681,0.1428045,-0.59202445,-1.2489157,1.4206119,0.35458434,1.0082159,-0.5871667,-0.28619012,-0.281664,0.19428237,1.2820897,1.7193732,0.818719,0.2987864,-0.107682206,-0.26632905,0.049461838
7,1.1181966,1.1146371,-2.018249,-1.137484,1.0285254,-0.94924146,-1.452697,0.39317665,-0.6320255,1.4031231,0.9567771,0.20198043,-0.8036261,-0.7406905,1.1422545,-2.5094848,-0.78202194,-1.332107,0.74448293,-0.92280626,0.020361405,-1.9182507,0.7142494,1.1213589,1.0197636,1.4866917,-1.8536408,-1.9682605,-0.22990924,-1.2666668,-0.009652582,3.3655884
8,0.23454924,0.11376685,0.10867259,1.4680085,-0.61174273,0.44052845,0.23061894,0.15930286,-0.9633563,0.63145936,0.024586296,0.1529774,0.5817322,-0.5108836,-0.035098158,0.058572285,-1.6520625,-0.23189184,-0.0873455,-0.11175153,-0.11002829,-1.833171,0.6102249,0.6886035,-0.48685318,0.9001364,-0.10895479,-0.3554061,1.5928829,0.8737273,1.902927,-0.6311673
9,-0.91527563,-0.3489723,-1.9416988,-0.25871554,-0.23693705,-0.8736459,-0.9291554,1.2790765,-0.6472778,-0.31524974,0.24342617,-0.62200636,0.26059395,1.3632224,-1.6057501,-0.8433515,-0.10989073,-1.7559711,0.071727626,-0.63279057,1.0005043,-2.149075,-0.8857036,0.59515697,-1.7405319,2.1221385,-1.4943238,-2.1011255,-0.99259424,-1.2783083,1.862865,0.63010067
10,-2.2779396,-1.8966643,-1.325172,2.412482,-0.36048958,-1.0191556,0.28259072,2.9444914,0.6210526,1.2116628,-0.54021823,0.49647656,-1.6376548,1.9921285,0.41894352,-0.5534364,0.2416669,1.12029,-0.3293854,-0.8933669,-0.03850037,0.8009874,0.68647265,-0.25956097,-0.910759,1.9100331,-0.5493647,-0.11280806,-0.064223185,-1.0146858,-0.6641381,-2.2998364
11,-0.9366514,-2.4637914,-0.3713264,0.48215896,-0.28350094,-0.15399593,0.46069944,0.84552264,0.04409655,-0.21795863,0.8342041,0.86612904,-0.99220157,-0.0008321113,-0.32437876,0.17483623,-0.07742628,0.17306356,-0.76385546,-1.474501,0.16933376,-1.7721894,1.0174913,0.0058020204,-0.082722016,0.18673997,-0.34691802,0.47174725,0.13271047,0.12143685,-0.00090347545,0.40986574
12,-0.83936137,-0.92940795,0.38209766,0.08774067,2.5528934,-0.84406453,-0.04533153,1.8693281,-0.7621126,1.6408643,-0.4107538,-0.1694385,0.74185807,-1.2494674,-0.3231274,0.5076891,-1.183238,-1.6420019,0.33683085,1.0578762,0.8270786,-3.5983992,-0.39437014,-0.1464428,0.42870757,0.3524278,-1.0743188,-1.1165793,0.61200684,-0.25231293,0.09239639,-1.7225257
13,-0.973089,0.5590195,0.08036038,0.5188989,2.0722327,-1.7792432,0.27542362,0.07118632,-1.6548842,-1.2109499,0.34047297,1.2249504,0.052456878,1.0907362,0.11186175,0.3214653,-0.686045,-1.6704736,-0.17228878,-1.6945307,-1.1128225,-1.0789717,-0.4141387,0.8046828,-0.2609322,0.99035585,-0.5235835,-1.6540319,-0.08485468,-1.7296296,2.1746957,-0.8217936
14,1.0610017,-0.5362907,-0.084386855,1.0390948,0.4672731,0.44593433,-0.2695717,-0.03725561,0.555986,0.41442788,-1.5112892,-0.064306855,0.8354475,-0.8795391,-0.5779818,-0.09573772,-0.929353,-0.39580983,-0.31351298,-1.3918461,-0.07431032,-2.1035008,-1.0050334,0.43382898,-0.08869698,1.0423311,-0.37093106,-0.38167918,0.15319298,0.43164966,0.44449532,0.98913866
15,1.7760627,-0.10060081,1.9719784,-1.1006482,0.40183833,-0.35491088,1.8166591,-0.46104628,-0.1171522,2.5084271,-0.41372657,0.6583992,0.41481626,1.676658,-0.72822094,0.6058458,2.1523743,-1.0219547,-1.7226999,-2.1161387,-0.08120231,-0.19801725,-1.0024793,-0.41990098,-0.71698934,-0.18060568,-0.13991155,-1.095104,-1.6139252,0.788249,0.48925453,0.49614373
16,1.1095583,-1.1024736,1.620019,-0.08004565,0.52906734,-0.23715408,0.7731378,-0.7188295,-0.41109946,1.8015554,0.22472833,-0.35697946,-1.163527,0.29924566,-0.7515572,-0.031178,-1.1140002,-1.0001284,-0.6157143,-0.14631398,-0.65688825,-1.2226107,1.2643442,-0.20102441,-0.67431694,-0.69447094,-1.7314333,-1.0843678,-0.481277,0.06637123,0.9412636,-2.539022
17,0.905565,-0.070606016,2.151597,-0.52379954,1.4705335,-1.196239,0.8223395,-0.2685564,-0.6875027,1.1731479,-0.9378477,-0.69042915,-0.39964518,2.2160974,0.8725876,0.4512399,0.32189825,-0.67913365,-0.7200731,-1.3278654,-0.647612,-0.90417606,-0.25061092,0.6241147,0.23634672,-0.5013504,-0.97882533,-2.1114938,-0.5820026,1.0062946,-0.92137474,0.20790331
18,-1.4028742,-1.2791651,-0.60484153,-2.0015082,0.2073905,1.131737,0.14485255,-0.3445875,-0.4654369,0.70126784,-0.9972483,-1.4580503,-0.30454436,2.1934683,-0.95116675,-1.3379292,0.46968752,-1.4123977,0.9450658,-0.6218973,-0.34444898,-0.47103253,-2.8229606,-3.0202808,-0.10842563,0.5233368,-1.1697688,-0.33553213,1.1660728,0.23997122,0.6524075,2.05056
19,-1.62908,-0.1463304,0.1889009,-0.19714786,1.2093935,0.4367351,1.0382199,-0.5021359,-1.1855272,0.88055223,-1.0326097,-0.2485095,-0.37801427,1.5009254,-0.22860992,-0.74504906,0.10635819,-0.7596627,0.060753137,0.051801708,-0.07174378,-0.12096447,-0.6128359,-1.9962215,0.1212916,-0.64511997,0.34457374,0.29977468,0.7181983,0.81078166,2.6629958,0.60354996
20,-1.760562,-1.7597088,-0.3203649,-0.62157375,1.5958922,-1.7777543,-0.053390674,-0.7462169,0.3842006,0.57176566,-0.086570755,0.9805937,1.2942355,-0.31920558,-0.8612593,-1.6980982,-0.501313,0.46538475,0.8164303,-0.1842013,0.9153095,-0.8717768,0.95405906,-1.1079373,-2.7463987,-0.9573431,-0.21761353,-1.2911407,0.13149899,0.5535974,2.4908552,1.7097949
21,-1.1665491,1.2591338,1.9100009,-1.1097339,-1.0716783,1.7530488,1.3775911,0.92051697,0.97623575,1.6246105,-0.81118643,0.13423155,0.864654,0.17769435,-0.019407151,-1.7350657,0.7168712,-0.6330927,-1.3426577,1.6706187,0.35725656,-1.1044074,1.0369573,0.086414255,0.7499361,1.1134323,-0.4099499,2.5563557,0.6680105,-0.8125806,-0.29671758,0.036811117
22,-0.30165833,0.6934989,-1.9391963,0.4374046,-0.9731251,0.06271492,2.0478399,-0.43774015,0.121440195,-0.3900195,-0.27757752,-1.2079554,0.19110063,0.13894387,-0.10696929,-0.8848865,1.5636435,2.0458817,0.07960618,-2.453463,-0.58092254,-0.72322977,1.681165,-0.33395007,-0.5783534,0.8430064,-0.93815476,0.624079,-0.60510224,-0.70348364,0.32594982,0.1410904
23,-2.070315,1.0723234,-0.3442809,0.13923126,-0.13731179,-1.1737958,0.88635695,-0.35249805,-0.05668553,0.008706313,-1.3695192,0.55483705,-0.6943477,-1.3194607,0.29469514,-0.8529867,-1.2872382,-0.753813,1.0463074,-0.07153265,-1.2379338,0.40086013,0.98156524,-0.900487,-0.11409594,-0.027222427,-0.50893366,0.81628454,-0.5348201,0.06763724,1.119933,-0.19692735
24,-0.032944907,-0.66148883,-0.6512875,-0.59860665,-1.5487583,-0.42153534,2.8886416,-0.29646152,-2.0845525,-2.1858861,0.1584259,-0.93780214,1.1553687,-1.2214538,0.45414913,0.197813,0.7467537,0.2036063,0.22047822,-0.3577665,-1.3962574,0.8115274,0.1470341,-0.018922087,-0.26474237,1.4606926,-1.1850668,0.72335976,-0.55124485,-1.6164101,2.5673435,0.87506217
25,0.6926207,-0.75271493,-0.08290937,-0.08852151,-0.5862882,-0.625768,0.17602807,-0.56277055,-0.3886137,-0.66667545,0.17906742,0.36432108,0.35767505,0.35486344,-0.13353845,1.6281706,0.37418684,0.7683236,0.46431795,1.6201417,-0.45978507,-0.42180282,-1.2481307,0.81263155,0.22669801,0.15146314,0.5135509,-0.34058526,0.61257935,0.44353706,-1.9660735,-0.6406443
26,-0.37781146,0.83033943,0.20264989,0.29833817,0.2825191,-0.6535541,-0.9982674,0.1713308,1.2303268,-1.3254552,0.25735772,1.2068813,-0.4616605,0.16611418,1.5259007,-0.48655176,1.4066736,1.1359885,-0.07556834,0.7595885,-0.1513771,0.3686511,-0.29473653,0.7902327,0.11727058,-1.2883494,-1.1764319,0.8142408,-0.87451017,-0.5430212,0.33667672,-0.5229871
27,0.023995224,-0.7081414,-0.12310363,0.11382136,-1.2048321,1.5545375,-1.1278172,-0.62715447,0.6510453,0.28864694,-0.99097574,0.28556085,0.32237154,-0.25589702,-1.5262357,-0.7411745,0.8062693,0.3384375,0.015872665,1.0306524,-0.60788983,0.85030365,-0.19586705,0.31319606,0.5362003,0.1174435,-0.99678785,0.12497269,-0.7335682,0.576337,-0.8388435,0.12048939
28,1.1228459,-0.6210439,3.1618273,-0.12228838,-0.47179076,-0.7418515,-0.3521251,-1.1705873,0.67483413,-0.85096,0.053592317,-1.0226017,1.1659471,1.3704522,-1.553776,0.41709894,0.2767328,1.2325069,3.7835886,2.5683947,-3.039726,0.39740613,-1.0277833,0.03218389,-0.53518,-0.20001876,0.56755644,1.6795604,-1.0743192,0.8814587,-0.5300491,1.1351221
29,-1.0416266,1.311351,-0.05418433,0.84797835,2.1667352,-1.1322045,0.87917024,-1.8689595,-0.86188805,1.2297449,-0.40773308,-1.0429716,-0.4363591,0.4188428,-0.4024341,-1.1313311,0.041647624,-0.04217043,1.1908773,-1.12916,0.32627863,-0.6162177,0.7527128,-0.7475012,0.15119964,0.9350527,0.7634731,0.499479,0.29374972,-2.4864676,-0.34977043,-0.4423843
30,0.8764418,-0.3843157,-1.4467486,0.9364454,0.6335925,-1.9329581,0.7651167,0.8312581,-0.293608,1.4994786,1.4908607,-1.0276698,-1.4113398,-0.46697575,-0.9051501,-0.57151777,1.241246,-1.3161157,0.87557477,0.17658032,0.30763906,0.3356477,0.1216709,2.0691142,-0.92748547,0.60477823,-0.47437346,-1.3133674,0.35493872,-0.97103906,-0.22756688,1.5490156
31,-1.36754,-0.15100925,1.1956669,1.1506784,-0.97553366,-1.1719992,0.58437574,0.19006468,-0.8322433,1.1599643,-0.39792442,0.46056342,0.4904416,-0.44823533,-0.2648335,-0.00892672,-0.28075293,-0.75616044,1.2796214,-0.16937722,-0.17321603,-1.442735,0.2034323,0.08607612,-0.45485646,0.049906764,-0.47145435,-0.90438914,1.4397314,0.38609764,0.9599952,-0.17647646
32,-1.0889711,-2.0664778,-0.2798376,0.09779173,-1.4187901,-2.3514726,0.096697204,-0.7573457,-1.222064,-0.015033189,-0.7716602,-2.6163316,-0.46519318,0.3985745,-0.66702044,-0.34371647,0.42838347,-0.05442095,0.00028358682,-1.1725444,-0.3636843,-0.5030508,0.625738,1.5167105,-0.6425713,0.37929106,-0.6462424,-2.9174416,0.493724,-0.6323328,1.1121887,1.6323214
33,0.31729725,-0.33013967,-0.95539194,0.46658432,-0.48615336,1.0519025,0.6519916,-0.9626685,1.0960354,-1.4590865,-0.08493248,-0.17109597,0.14492282,0.6650263,-0.69100326,0.090449765,-0.63223004,-0.90489614,-0.10326485,0.36379993,1.283899,0.22856903,-0.08267216,0.5187458,0.06684636,-0.31052428,-2.388827,0.8802949,-0.52704716,1.3662237,-0.8358224,-0.88880545
34,-2.2938395,-0.053088605,-0.7899779,0.53532296,0.5782869,0.8126676,-0.33977303,0.6689664,-0.72797596,-0.21061258,1.2897497,-0.73159844,0.35721016,0.030790253,-0.0145803075,0.80190176,0.50613946,-0.4497222,-0.37396023,-0.20823717,0.15031447,0.38646135,-0.62710506,-0.43828,-0.07185993,0.4765713,-0.5719769,1.6628506,-0.28829786,1.24449,-0.61476374,0.0025758396
35,-1.1861143,-0.6285911,-1.2158972,1.3866144,0.01568463,-0.27040836,0.2372242,-0.7732723,0.54971796,-0.4246651,-0.087631,-0.25221696,-1.3486055,-1.4430497,0.18659091,2.6277244,-2.7207406,0.39895397,0.30249614,2.2860198,-0.13933259,-1.022544,0.6232529,-1.8109248,0.74092895,0.9549654,-0.97554237,-0.44666225,-0.0950387,0.49973014,0.73291737,0.28174838
36,-0.65621364,-1.013257,-2.8238974,0.37439743,0.96661997,-0.73735857,1.9040198,-1.5244472,0.2583761,-1.4576797,0.16588531,-1.008465,1.4618037,-1.7379591,-1.0817053,1.4335097,0.36711672,-0.8345073,0.80648565,0.81778646,0.7763584,1.5511699,0.10696224,1.4090929,-1.6187454,-0.006362233,-2.1407042,-0.55367696,-1.9895499,-0.20327014,1.8112642,-0.98865515
37,-0.6580279,-0.14511207,0.729534,0.4566577,0.36027613,0.17914051,1.7316053,-0.8843337,-0.9733009,1.2126961,-0.24410783,0.89608645,-0.23998614,1.3637154,-0.8769786,0.3195443,-0.0991527,0.39173642,0.1776049,0.6419962,-0.5879965,-0.07832365,0.7809536,0.80668676,1.2628949,-0.64610255,1.1775917,2.3963792,0.8017605,1.0060999,-0.078161724,2.1946645
38,-0.1183831,-0.4287113,-0.9249396,1.4689205,2.2894247,-0.086345404,1.4971164,0.43352297,-0.93948144,0.057808667,0.96324646,-0.33093685,-0.9049038,1.0707133,0.11487625,1.4858123,1.3181657,1.6629311,0.5918915,0.5849493,1.0697473,0.38400546,0.88495225,1.6524503,-2.24439,-1.0824724,-0.72152364,0.77593446,-0.673688,-0.9259877,1.0929303,-0.010092767
39,-0.74172217,0.9553556,0.3220138,-0.119059175,-0.7839201,-0.85545325,0.29729155,-1.2950631,-1.1924653,2.009933,-1.8363861,-0.5456953,-0.12708612,-0.12428389,-0.6215393,0.79950875,-1.3434815,0.12992191,-0.7281337,0.68385583,0.82447636,-0.3244162,0.7393841,1.7403245,-0.47082615,0.95199996,-0.9231182,1.8647605,-0.65925044,-0.16449487,0.06516971,0.4431783
40,-0.95286113,-0.008381794,-0.993804,0.09141355,1.8816046,-0.67111665,2.9721546,-1.8680036,-0.60207725,-0.85246474,0.018575877,-0.2696609,-0.6761014,-0.4821735,-1.8375481,0.65440226,-1.2183956,0.3671443,-0.4553255,0.2115816,0.2703041,0.41371244,1.5583627,0.25059277,-1.8299068,-0.9127343,-0.10777596,0.43208626,-1.8876811,-2.2196827,2.9708045,4.0519185
41,-0.5366465,-0.048453264,-0.10953252,0.2711769,0.5423785,-0.9734747,-1.3125811,-0.968609,0.85979325,0.38480484,1.1113932,1.4926397,0.06518192,1.2629827,0.3216035,-0.4903229,-0.2787874,-0.12677108,0.80748206,-0.31353062,0.2531627,0.9986043,-0.9309784,-0.010488615,0.5007513,1.0290804,0.8464373,-0.28321373,1.0285639,-0.09074737,0.3640287,0.011544727
42,0.38708565,0.411962,-0.40614578,-0.5152928,0.49549508,0.11099688,0.12580027,-1.3778882,0.9872715,0.11680799,0.26555005,-0.25689596,0.16314091,-0.066260196,-1.8088819,0.7893347,1.027448,0.23506208,-0.62520975,0.58194876,0.53401953,-0.04788585,0.7311775,-0.14773916,0.68045694,0.88994366,0.6538595,0.0140719805,0.81079155,-0.6615995,-0.37384588,-1.213159
43,1.1114606,1.4548087,0.70656294,-0.13827235,-0.6879549,0.6856184,-1.6658587,1.0238941,-1.2895758,-0.23747665,1.7667855,2.2373025,0.01749024,0.6145661,-0.83589214,0.6372802,-0.62908024,-0.97389436,-0.4999391,2.0535877,-1.590997,-1.0807669,-0.5293986,-0.43100008,0.50799423,-0.3247047,0.6495972,1.0061989,-1.3783574,-0.05670628,-1.3045201,-1.2195985
44,-0.45929122,0.32091954,-0.8498596,1.9464943,-0.95891494,-0.8811128,-0.08140138,0.065119475,-0.9707391,0.20866676,-1.2242128,0.71546686,-0.42646345,1.3462131,-0.20395066,-0.18032958,-0.13933335,-1.209813,-1.8435597,-1.9661613,-1.0564326,-0.512489,-0.9384247,1.3727629,0.3359132,0.19846113,0.9112868,-1.5427197,-1.6471041,0.99899614,0.086343065,-1.2491062
45,0.1386007,1.3475789,-0.23940529,0.3091056,0.4270873,-0.4248162,1.3078833,0.8072318,-0.42225686,-0.10218762,1.190908,-0.10872948,0.06890491,-1.8210174,-0.49898106,-1.0288327,0.23164605,0.5237111,0.09489009,-0.056367233,0.3877284,-0.332957,0.6828348,0.2872963,-1.7078774,0.4040728,-0.23786645,-1.2898453,0.33766654,-0.23192792,-0.42489228,1.1099585
46,0.100857414,0.097154155,-0.42053086,1.0396625,-0.53135693,-1.379737,-0.08716517,-0.21444541,-1.6208723,0.5110066,-1.1823423,0.823841,0.35698828,-1.1778554,-0.36677957,-0.33499825,-0.77715045,-1.424882,-0.76751196,-1.0605791,0.46586612,-1.2029297,0.32683584,0.28117815,-0.22660924,-0.015634527,-0.035959706,-0.46684837,1.239713,0.59858674,0.76537454,-1.4720763
47,-0.35715377,1.537675,-1.1086749,0.4902341,0.3843293,-1.324966,0.23650783,0.507344,-3.4991775,-2.0572052,-0.16228385,-0.019895453,-0.9047809,-1.1844833,-1.8218724,0.8703928,-0.5860756,-1.2941403,-1.0705386,-2.1877666,0.34938422,0.7998145,0.77870774,0.74224406,-0.13315071,1.6715432,-0.7711936,-1.7569551,1.0751193,0.037023738,0.07639068,-0.3145438
48,0.47814974,-1.9885944,2.1933758,0.29157603,1.772065,-0.19081582,-0.09464528,-0.43614995,0.1279073,0.92105407,0.81673884,-0.03612922,-0.48750263,0.08590173,1.4487871,-0.5526588,-0.69169223,0.9517491,0.6542435,-0.010885426,-1.6528559,-0.6862533,-0.22234672,1.0024513,0.45139349,0.35488394,2.3555048,1.5589825,-1.1920575,0.9116797,-0.42438263,2.5388236
49,-0.35350496,-0.783015,-0.0053565265,-0.1502371,1.2561252,-0.030507546,0.6750828,-0.65493435,-0.09381136,-0.2845836,-1.0792265,-0.7639282,0.19321615,0.54268074,0.6477519,0.027128896,-0.12229573,0.36108553,-1.5150138,-1.1387004,-1.3935891,-0.8482436,1.1469221,-0.56123173,0.584519,0.5447134,-0.006260135,1.4398537,-0.6383402,-0.208814,-1.7721161,0.24046539
50,0.8018242,-0.07958141,0.48580658,0.48191676,0.5079236,-1.0164182,1.496153,-0.18137108,0.24805959,-0.37032443,-0.7329737,-0.4854225,-0.20485608,-0.8958955,-0.33876467,0.0656089,-1.8922524,0.0823588,-0.8842451,1.4442383,0.5803338,0.19519922,-0.5351227,-0.3717653,0.8667144,0.86705446,-0.8783893,1.4171593,0.23422587,-0.20144413,0.7161781,0.9010453
51,-0.7568475,0.00058987254,-0.7484161,1.7062024,-0.25974554,-0.5977369,0.19446635,-2.062028,-1.4021523,-1.2122754,-0.61517584,0.3371478,-2.13541,0.95641595,-0.34742218,-0.2793758,-0.36234257,-1.2067643,-0.9793364,0.5519685,0.8213364,0.3601799,1.5466925,-0.056726538,-0.7273143,-0.4646535,-0.17755757,-0.72199064,-1.2273252,-1.1483935,0.028112937,-1.1743784
52,-0.42126304,0.46429342,-0.12947579,-1.3292811,0.059209306,1.453971,-0.61014295,0.45648533,1.059483,-0.8392604,0.94263124,0.11639302,0.41354933,0.25098297,2.1962159,0.07339961,1.2180415,0.59351313,-0.043233793,1.2447664,-0.2010982,-0.18658544,0.86954224,1.0294479,-0.21919473,-0.18616165,-0.95581067,0.58188426,-0.2486817,0.62578744,1.4605492,-0.50655204
53,0.44397348,0.7022235,0.5202735,-0.5163924,-0.22096665,-0.20241426,-1.4418225,-0.40091014,0.07657638,0.32617426,0.8076374,0.52564013,0.2672516,-0.35714182,-0.27046505,0.6727949,-0.040400386,-0.06619875,-0.40417483,-1.7151668,-0.098179996,0.17782043,0.1990747,-1.0644202,-0.86757445,-0.52035576,0.1396146,1.1620886,0.34358993,-1.3783147,-0.72036844,-0.5007321
54,0.2968591,0.9873937,-0.3217281,-0.7198646,-0.1974717,0.9001706,-0.45488274,1.5110098,-0.42146778,-0.9288962,-0.31732172,0.12068657,-0.19354261,0.4742929,1.0192493,0.94883984,0.8181339,-0.07074364,0.45461416,0.22551091,0.240696,0.6889791,0.81759804,-1.205283,0.8516884,-0.079858914,-0.37685102,-0.33347282,0.023391442,0.09046276,-0.05579167,0.4542935
55,-0.51583725,-0.7688696,0.64102995,-1.2910205,-0.47131154,0.36382127,-1.305458,0.07211627,-0.4545444,-0.7905726,1.1084536,0.09575567,0.67399794,-0.36288142,0.12374614,0.15906173,-1.0269487,-0.6684018,-0.23707344,0.1479636,0.84174037,0.83641523,0.55327326,0.46335298,1.587499,0.25942346,0.93902284,-0.7723117,-1.3919004,-0.038014956,0.57417834,0.16439132
56,-0.27460232,0.55740505,-0.59637064,-0.9057346,-0.009131749,0.9854155,0.4487776,1.7661471,0.10478606,0.2255697,-0.72883546,0.058763415,-0.8183042,0.3391809,0.61848706,0.8971984,-0.4990941,-0.10548436,0.029194765,-0.8914848,-0.0782146,0.9576163,-0.28230935,-0.21423233,-0.35614908,0.057089724,1.4332477,0.22332765,-0.8413249,-0.62244666,-0.15362783,-0.45881093
57,0.45589188,-1.1475197,2.632657,1.102526,1.4879552,1.4717648,0.4327623,-1.8472815,0.95150405,-0.54800475,-0.11563476,-0.1586798,-1.2274795,-0.22057678,-0.96971405,0.6304435,-1.1530732,-1.5850302,1.4879512,-2.327355,-0.051434375,-0.6234238,1.1421916,0.43805805,0.2599521,1.2652571,0.19057944,-0.6078782,-1.2603399,0.61024606,0.30977628,0.6521066
58,0.74492973,-2.0938034,0.3354008,-0.8493516,0.61883,1.1991913,0.6338075,0.60772306,0.7036166,-0.6007776,0.27712992,-0.2412886,-1.1327062,2.7862046,-1.3263379,-0.16399683,0.1421187,-1.2872542,-0.5408886,-0.5702131,-0.6726077,-1.1033995,-0.08044386,-0.050846443,0.059346262,-0.90451735,-2.1328259,0.35096928,-0.95521086,-0.56261355,-0.07825949,-1.626962
59,-0.1594945,-0.665661,0.72978127,0.6223371,1.4196543,1.3791368,1.134461,0.3049578,-0.87094134,0.005752811,0.26435438,0.9832361,-1.1712447,1.2876719,1.0755385,0.722922,0.03060759,0.75027174,-0.24905357,-0.7031937,1.7345102,0.21517546,-0.10238864,1.4121623,0.11806009,0.09006738,-0.7931916,1.5115426,-0.87225854,0.7639515,-0.18288589,-0.6586854
60,0.00037063347,0.8795164,-0.54069084,0.8899479,-0.6476421,-0.6025435,0.8906025,-0.71936435,-0.41625178,0.053664077,-0.7169388,-0.79732823,0.36203763,0.30271128,0.14886703,-0.05660611,-1.4093734,-0.23407304,0.10846287,0.19193986,0.798275,-1.1291205,0.48589045,1.3817496,0.8401432,0.00130696,-0.7844158,1.1676543,0.4422044,-0.10002385,-0.41109195,1.0522019
61,0.9077142,-1.8450391,-1.044219,1.903609,0.6511314,-0.8787768,0.21777397,-1.4663404,-0.48449442,-0.3275316,0.5542939,-1.4921789,-2.4913456,0.56639725,0.7679787,0.07029512,-1.8965616,-0.43150058,-0.24797001,1.3103479,-0.63435286,-0.35719964,1.3310409,1.0370352,-0.10939218,-0.845723,-0.14747947,-0.9064029,-1.1082425,0.24939266,-0.14150508,0.8703273
62,-1.1697103,0.18238166,0.6054101,1.0118506,-0.5816696,0.33669627,1.3759559,-0.55379504,0.10104005,0.57846045,1.0866613,0.46827063,0.67917335,-0.25648442,0.22225559,-1.243196,0.59179896,0.28354874,0.87207466,0.21449178,0.62992465,-0.7562778,-0.27379867,0.32107684,-0.7111606,0.89908963,-0.47081777,2.5947905,-1.0233068,-0.32987037,-0.7614103,-1.0857489
63,-0.94615424,-0.655251,-1.5861007,0.285892,-0.03808842,0.051403843,1.0756564,-0.6085894,-0.355517,0.049130153,1.5473378,-1.0363429,-1.288137,0.712365,-0.031180171,0.08484429,1.4287629,0.20859359,0.77970886,0.8878812,0.053641547,0.3666007,-0.82265174,-0.42581046,-0.94614345,-1.4252707,-1.5992374,1.4506006,-0.8657595,0.050061513,1.2672421,1.1918266
64,-1.2334805,1.2604928,-1.8514955,0.4052869,0.4045589,-0.72659147,0.7682218,-0.18057422,0.28096634,2.9418223,0.22228204,-1.163284,-1.7536911,1.9562311,-0.5930171,1.6795547,-0.67450756,-0.04342981,0.46585882,0.8610093,1.083259,0.970166,0.22496821,-1.4387313,1.2851342,-1.4133488,-2.0068219,-0.6682517,0.5479213,-0.6508563,1.0168749,-0.7076757
65,-0.9812332,-0.53513634,-1.2071217,-0.8413488,-1.8398256,-1.5491594,0.4584201,0.37642708,-0.7745127,-0.040316746,1.4064308,-1.3230757,-1.6278336,0.330514,0.42813852,-0.83462286,0.23105375,0.16681904,-0.35091412,-0.0045389202,1.4128976,0.7685621,-1.2984651,1.0532876,-0.93636614,-1.3769805,-2.205101,0.21747923,0.9401094,0.37959468,-2.004612,1.6549752
66,-0.88339156,-0.5255832,0.32471156,0.03871816,0.39423245,-0.35963717,-1.9118854,-1.4926252,0.52873105,-0.03897674,-0.44842097,0.25882757,-0.10427888,0.39598367,0.8863879,-0.2873025,0.8963479,1.1005334,-1.1903052,0.5233838,-0.039060507,0.033056322,0.37142402,-0.24988173,-1.3249738,0.98162425,0.9736847,-1.0871792,0.7441853,-0.16575594,-0.048587646,0.21411562
67,-0.29924268,-0.20171256,-0.49579746,-1.3195109,-0.7613111,0.551153,0.336655,0.2821116,1.7783277,-0.51314473,-0.5418234,0.11847556,1.3683482,0.58660537,1.2232513,0.3726437,-0.35078344,-0.9447133,0.028844044,0.5497911,0.050268903,1.1872532,1.2471087,-0.3558892,-0.37715828,-0.19283612,0.7099838,-0.55362123,1.5427278,-0.34577882,-1.4453075,0.10965599
68,-1.1890432,-0.10824838,0.03905143,0.5562546,0.4002679,0.38500154,-1.1597382,0.49715856,1.6080737,-0.7149574,-0.24713305,-0.044974264,0.28996587,0.7443197,-0.016147261,0.63429004,0.30676782,-1.4852722,0.12612326,0.37764102,-0.17485587,0.05128531,0.35968468,2.2455506,1.2548909,-0.22073132,0.4319726,0.43881786,-0.040770434,-0.39295328,0.9364509,0.616438
69,-0.90189934,0.075038984,0.6945004,0.5432065,-0.42442095,1.2521467,-0.5167506,-0.8087154,0.6066757,-0.26638252,0.8723983,-0.40059257,-1.19128,1.2584252,0.83656275,0.78538007,0.23205915,-0.6353964,-2.183658,0.713821,-1.4621668,0.46989343,-1.4576931,-0.93699473,1.7719904,-1.2348986,-1.2899143,-0.6713778,0.9901933,-1.6484272,-0.36030078,-0.25950953
70,0.66395813,-0.6208898,1.4016206,0.64404523,-0.22824883,0.2868207,-0.5454085,0.28373587,0.39914176,0.8104395,0.22323024,0.36748537,-0.11915414,-1.3474692,1.8280642,0.30009523,0.96983135,-0.17416903,0.22699083,-0.0047592083,0.37762907,0.7372733,-0.59000313,-0.4806852,0.60944855,1.1233041,-0.26349482,0.4477783,-0.1603507,-0.7764625,-0.5165905,-0.85198885
71,-0.18081234,0.62736773,1.3147576,-0.13227397,0.81759286,0.8600722,0.023234857,0.18239735,2.5514302,0.29482898,0.76942354,0.5242103,0.09245781,1.2111101,0.19424726,-1.0387338,-0.42083845,-0.06747738,-0.43313146,-0.8582375,-1.1744121,1.1259397,0.9468233,-0.1888092,0.45075023,1.1076999,-0.59542465,-0.25368217,1.005758,0.05383559,0.09431963,-1.2603213
72,-0.0010855274,0.02937166,-0.28016236,0.08280245,1.0337112,-0.7884644,-0.1372305,0.044372898,1.6069099,1.107699,0.60048366,-0.56626797,1.1486562,-0.7441853,-0.5907624,0.21156046,0.30129275,-0.8096708,-1.957589,0.33486566,-0.5727494,0.46241474,0.66122836,-1.7436314,0.12843807,-0.30733103,1.0688623,0.6972702,-0.07541285,-0.25261495,1.4878268,-0.87811893
73,1.964107,-0.7755802,2.045247,-0.012084868,-0.8641763,-1.3812097,1.4734092,0.5976114,1.2193837,2.0186124,-0.82738537,1.4423829,-0.07653631,0.3848207,0.3721589,1.1013345,-1.5268363,0.10253701,-1.6625309,-0.1548937,0.3923254,-0.029351922,-0.79101944,0.4896212,-0.2949502,0.057504483,-0.11023212,-3.0154567,0.03153477,-0.27174646,-0.6213184,0.895677
74,-0.8340855,0.27634174,2.0023706,-1.873332,-1.7214996,-2.4185762,0.6439458,-1.0828283,0.84789073,-0.48734653,-0.7583101,0.35974395,-1.4433576,-1.0718452,0.75661427,0.90381086,-0.18747869,-2.573215,-0.913448,-0.3428988,0.36763486,-0.6985373,0.039724454,0.21776564,1.6363256,0.671982,-1.9151503,-1.9242017,1.5877533,1.3705924,1.5410122,0.84344786
75,2.0072408,-0.21500553,1.4522082,0.11377994,-1.0945544,-1.5281236,0.35231712,1.011557,1.9688857,-1.5546906,-2.0365796,-1.3173382,2.1051126,1.486661,1.9433908,1.8810093,-2.3968482,1.0575997,-1.6474376,-1.3552401,1.078788,-0.5058818,0.57743305,2.405814,-3.9318423,0.47033527,-2.2992706,-1.8410721,-0.27553812,-1.4949939,0.42102626,-0.63305247
76,-0.020891055,-0.26911712,0.9961998,0.41214556,-0.45614815,-0.296703,0.46981367,-0.079981804,2.5462027,-1.2132546,-0.039590787,-0.04978005,0.48508894,1.1023948,-1.1602551,-0.9083468,0.6562735,-1.750762,-2.0611174,0.3559735,-0.26791447,-1.9143918,-0.402937,0.38246557,-1.1665293,-0.22616573,0.06366986,0.08674557,0.8948961,0.42510793,-0.07236567,-0.09757146
77,-0.769146,-0.3387212,-1.3821545,0.4031139,1.254679,-1.445446,0.6812272,1.045854,1.0204473,0.9495901,0.76638603,0.014484959,-0.30875325,0.7376497,-0.32764193,-0.26685077,-1.2081302,-1.0941012,-2.2996283,0.8094077,1.1068381,0.32579955,0.09222107,-1.1204227,-0.010912028,0.6807549,-0.22433263,1.5146117,-1.4868252,0.45212936,-1.4168453,1.5656211
78,0.022630524,0.44354677,0.60037196,1.5184745,-0.48753753,-0.40412486,-0.0073573063,0.073616415,-0.6358545,1.0483513,-2.3792055,-1.423366,-0.5468553,-0.07370151,-0.021351568,0.9968406,-0.6150276,0.035507523,-0.95336103,0.2659979,1.7368188,-0.9806335,0.19618581,-0.6341268,-0.5871877,-0.23814715,-0.43081805,0.77780247,-0.30951747,0.5828821,0.2036136,0.6591574
79,-0.39011604,-0.3173598,-1.25602,1.1715746,2.0727594,-1.0677987,-0.29254818,0.31176066,-2.694552,-1.0011142,-0.92916703,-0.6926198,-1.5228416,1.059665,-0.94094056,0.7598751,-0.47600475,0.05555825,-0.9712202,0.38104793,0.54170066,-0.1811936,1.1050138,-0.5194373,-1.2431425,-0.42371443,-0.13399024,0.652678,-1.3061823,-2.0290668,0.1253477,0.6767386
80,0.73826665,-1.4738506,0.96150166,-0.7027766,-1.3054737,-0.19566998,-0.3690984,-0.007573043,1.6958036,-1.7500775,1.502685,0.3630426,-0.7152379,0.6742042,-0.15838692,-1.8412807,0.4183865,-1.3388327,0.70772433,1.4536695,0.7065381,0.2642108,0.584131,-1.4707394,-0.16906632,-0.82050276,0.1990862,0.4055312,-0.3642673,0.49706796,0.25189131,-1.3054256
81,1.1686654,0.7234119,-1.4859412,-0.7776075,-2.6220071,-1.7014937,-0.12237722,-1.4592067,2.0740635,0.13106003,1.9093288,0.85219765,1.4983876,2.5761156,2.3224287,0.86031246,0.31602323,-1.1128906,0.4964036,0.9064089,-1.5315479,-1.908599,0.47105145,-1.2146302,1.2931957,1.4893506,-0.54699194,-0.42371136,-1.4303519,-0.5011012,-1.9748765,-0.39648533
82,-0.8986853,0.9067654,-1.468603,-1.1301365,-0.9350667,-1.0262284,-0.76788974,0.9082775,1.1675668,-2.205731,1.2104166,0.3631163,2.2025335,2.112435,2.2180893,1.6170069,-1.1792684,3.1142352,-4.05461,1.0101944,0.09290197,-0.226153,0.88640916,1.751582,1.3730237,-3.0426865,1.4106998,-0.607231,-1.8134319,2.111824,0.4162356,1.0215931
83,-1.3404027,-0.57019144,1.6410011,0.6356287,0.030869614,0.78643674,0.02819031,-0.16572912,1.5131923,-0.5232991,0.52223015,-0.87950766,-0.21295844,0.18684322,-0.6619576,-0.011045847,-1.0192062,1.8257259,-0.21740143,-0.13965431,1.3092098,-0.3725154,-0.3026206,-1.2860762,0.7321197,-1.011784,-0.50953674,-0.3415473,-1.1892428,-1.2468181,-0.27556038,-0.25687018
84,-0.6427857,1.0417608,1.0941689,-0.08476391,-1.9534634,-0.5996429,1.2350637,-0.8007363,1.2665279,-1.89746,1.810698,-0.39699733,0.18750276,-0.27545297,-0.13880333,-0.18655002,-0.42973098,0.82159495,-1.4742049,0.33770072,0.38822833,-0.7299308,-1.2414478,0.8175888,2.4320104,-0.32326165,0.6512363,-0.10643538,-2.5841117,0.8849821,1.4052906,-1.0175259
